lastAccountName: yutoguma
timestamps:
  login: 1578952423833
  logout: 1578953151142
ipAddress: 118.241.182.61
logoutlocation:
  world: world
  x: -132.6717507017621
  y: 11.0
  z: -351.69999998807907
  yaw: 169.20056
  pitch: 9.600036
