lastAccountName: hajime2009
timestamps:
  login: 1581322262626
  logout: 1581322406425
ipAddress: 131.147.25.132
lastlocation:
  world: world
  x: -156.16935719567124
  y: 75.0
  z: -285.1326164765777
  yaw: -92.24756
  pitch: 37.499977
logoutlocation:
  world: world
  x: 86.28869834167273
  y: 63.0
  z: -715.4938117823255
  yaw: 161.57483
  pitch: -3.1498537
