lastAccountName: hajime2009
timestamps:
  login: 1581231268787
  logout: 1581231672372
ipAddress: 106.72.132.97
lastlocation:
  world: world
  x: -156.16935719567124
  y: 75.0
  z: -285.1326164765777
  yaw: -92.24756
  pitch: 37.499977
logoutlocation:
  world: world
  x: -126.87556269336515
  y: 67.0
  z: -630.6084103757414
  yaw: -110.52612
  pitch: -10.049911
