lastAccountName: miyacarpenter77
timestamps:
  login: 1581220948588
  lastteleport: 1581223979770
  logout: 1581231641824
ipAddress: 106.72.132.97
lastlocation:
  world: creative_world
  x: 344.71159091488903
  y: 13.217646722819087
  z: 35.603681967875985
  yaw: -180.82898
  pitch: 37.950184
logoutlocation:
  world: world
  x: 72.43708115618324
  y: 63.0
  z: -647.3421950682655
  yaw: -217.02344
  pitch: 22.049904
