lastAccountName: miyacarpenter77
timestamps:
  login: 1581479345509
  lastteleport: 1581223979770
  logout: 1581481077939
ipAddress: 220.147.22.189
lastlocation:
  world: world
  x: -40.420229365674636
  y: 15.0
  z: -586.4297182544747
  yaw: 97.21611
  pitch: 54.750423
logoutlocation:
  world: world
  x: 336.89620850835485
  y: 72.0
  z: -882.6999999880791
  yaw: 86.3617
  pitch: 12.600117
money: '2572.22750000000012332'
