lastAccountName: Len_Len100
timestamps:
  login: 1581382197976
  logout: 1581385440616
  lastteleport: 1581383529767
ipAddress: 126.63.205.72
logoutlocation:
  world: world
  x: -1235.5701004578445
  y: 11.0
  z: 1721.7063376188355
  yaw: 180.15134
  pitch: 17.99997
money: '23183.42200000000028802'
lastlocation:
  world: world
  x: -1238.699999988079
  y: 10.0
  z: 2711.699999988079
  yaw: -285.75153
  pitch: 13.200049
homes:
  home:
    world: world
    x: 94.09101729623436
    y: 64.0
    z: -524.885558408485
    yaw: -96.325745
    pitch: 35.100037
