lastAccountName: yokkon_kun
timestamps:
  login: 1578895615583
  logout: 1578899203383
ipAddress: 172.16.100.21
money: '5377.2399983215333426'
logoutlocation:
  world: world
  x: -303.13376685018176
  y: 12.0
  z: -234.76249998807907
  yaw: -191.39749
  pitch: 38.250294
