lastAccountName: universnote
timestamps:
  login: 1578895855367
  logout: 1578895847453
  lastteleport: 1578897194033
ipAddress: 172.16.100.13
logoutlocation:
  world: world
  x: -160.0
  y: 63.0
  z: -192.0
  yaw: 0.0
  pitch: 0.0
lastlocation:
  world: world
  x: -134.5364090544589
  y: 71.0
  z: -347.31396190181925
  yaw: 143.39528
  pitch: 28.980894
money: '53.19099999999999958'
