lastAccountName: Nemesis62543
timestamps:
  login: 1581229581442
  logout: 1581233032265
  lastteleport: 1581232940379
ipAddress: 219.115.57.158
lastlocation:
  world: world
  x: -128.42259954514327
  y: 81.0
  z: -342.66865115684334
  yaw: -62.869473
  pitch: 36.493183
afk: false
logoutlocation:
  world: world
  x: 51.364965076553545
  y: 81.24312561503382
  z: -627.4984789378188
  yaw: -181.73756
  pitch: -2.6552927
money: '100'
