lastAccountName: 1001kenta
timestamps:
  login: 1581220298810
  logout: 1581232197072
ipAddress: 126.80.169.65
money: '2301.8500000000000892'
logoutlocation:
  world: world
  x: 96.9319108096158
  y: 63.0
  z: -160.67546167289657
  yaw: 293.18
  pitch: 41.597168
mail:
- §6[§rTsubochanDayo§6] §r2月9日にエンドラ討伐しよう
lastlocation:
  world: creative_world
  x: 451.22651700860433
  y: 9.0
  z: -24.162949251385072
  yaw: -93.5317
  pitch: 27.708712
