lastAccountName: 1001kenta
timestamps:
  login: 1581342973563
  logout: 1581343338869
ipAddress: 126.90.95.137
money: '2301.8500000000000892'
logoutlocation:
  world: world
  x: 933.0221928535282
  y: 69.0
  z: -565.4084304031823
  yaw: -154.79352
  pitch: 43.697674
mail:
- §6[§rTsubochanDayo§6] §r2月9日にエンドラ討伐しよう
lastlocation:
  world: creative_world
  x: 451.22651700860433
  y: 9.0
  z: -24.162949251385072
  yaw: -93.5317
  pitch: 27.708712
