lastAccountName: csawada
timestamps:
  login: 1578898456154
  logout: 1578899028286
  lastteleport: 1578898776131
ipAddress: 172.16.100.4
money: '230.3780002288818405'
logoutlocation:
  world: world_nether
  x: -12.243323245235521
  y: 32.875
  z: -33.39568236190395
  yaw: -96.96367
  pitch: 9.559864
lastlocation:
  world: world_nether
  x: -4.417524484669153
  y: 41.0
  z: -17.921520540425114
  yaw: -331.92017
  pitch: 19.629753
homes:
  home:
    world: world
    x: -136.45893108788556
    y: 70.0
    z: -290.8853332396891
    yaw: -11.179596
    pitch: 13.38386
