lastAccountName: 8x9guest01
timestamps:
  login: 1578898690194
  logout: 1578899062938
  lastteleport: 1578894146965
ipAddress: 172.16.100.18
logoutlocation:
  world: world_nether
  x: -4.300000011920929
  y: 46.0
  z: -8.699999988079071
  yaw: 106.64982
  pitch: 22.799881
money: '59.63'
lastlocation:
  world: world
  x: -186.30000001192093
  y: 14.0
  z: -324.69999998807907
  yaw: -316.7995
  pitch: 21.449974
