lastAccountName: blazeland777
timestamps:
  login: 1578915234258
  logout: 1578915254493
ipAddress: 115.165.151.123
logoutlocation:
  world: world
  x: -136.9855497799806
  y: 69.0
  z: -292.93225144770315
  yaw: 57.09027
  pitch: 15.898235
