lastAccountName: blazeland777
timestamps:
  login: 1581237239323
  logout: 1581241592814
  lastteleport: 1581241458952
ipAddress: 115.165.151.123
logoutlocation:
  world: world
  x: 81.43810915247342
  y: 63.0
  z: -524.9252950699454
  yaw: 155.19096
  pitch: 19.049812
money: '1287.95450000000018526'
lastlocation:
  world: world
  x: -160.0
  y: 60.0
  z: -192.0
  yaw: -23.250015
  pitch: 30.449957
mail:
- §6[§rTsubochanDayo§6] §r荒らしBANされたって
homes:
  home:
    world: world
    x: 56.728122803963956
    y: 50.0
    z: -521.9448476648186
    yaw: -112.40831
    pitch: -14.8502
