lastAccountName: UsaPyon2010
timestamps:
  login: 1581222996113
  logout: 1581231583068
  lastteleport: 1581230158200
ipAddress: 106.72.132.97
logoutlocation:
  world: world
  x: 104.3165854704934
  y: 63.0
  z: -650.9674828417507
  yaw: 322.73517
  pitch: 32.54997
money: '2369.40100000000004645'
lastlocation:
  world: world
  x: -17.846019260210753
  y: 63.0
  z: -643.2654006264206
  yaw: 86.9402
  pitch: 6.9485116
mail:
- §6[§rTsubochanDayo§6] §r2月9日にエンドラ討伐しよう
