lastAccountName: UsaPyon2010
timestamps:
  login: 1578954660756
  logout: 1578955197090
ipAddress: 106.72.47.128
logoutlocation:
  world: world
  x: -170.48526265218476
  y: 79.0
  z: -299.4512116726313
  yaw: -292.79825
  pitch: 20.099995
money: '7.0'
