lastAccountName: blazeland777
timestamps:
  login: 1578895958134
  logout: 1578899017835
ipAddress: 172.16.100.3
money: '78.52599999999999796'
logoutlocation:
  world: world
  x: -136.9855497799806
  y: 69.0
  z: -292.93225144770315
  yaw: 307.44006
  pitch: 17.398232
