lastAccountName: yokmama
timestamps:
  login: 1581402799993
  lastteleport: 1581403530830
  logout: 1581403836219
ipAddress: 126.150.249.73
lastlocation:
  world: world
  x: -160.00529007306582
  y: 63.0
  z: -186.12236505432682
  yaw: 89.4978
  pitch: 5.420102
logoutlocation:
  world: world
  x: 70.40742604269987
  y: 74.0
  z: -687.9953236418946
  yaw: -86.25122
  pitch: 35.997013
afk: false
homes:
  t1:
    world: world
    x: 10.277007339029522
    y: 64.0
    z: -631.3731247981852
    yaw: 109.65014
    pitch: 32.99993
  base:
    world: world
    x: -152.45158204718862
    y: 64.0
    z: -196.11390585714656
    yaw: -166.70122
    pitch: 17.317898
money: '250'
