lastAccountName: yokmama
timestamps:
  login: 1578969607620
  lastteleport: 1578969640879
  logout: 1578969648897
ipAddress: 126.72.103.105
lastlocation:
  world: world_nether
  x: -7.5
  y: 45.0
  z: -7.5
  yaw: -57.60001
  pitch: 17.85
logoutlocation:
  world: world_nether
  x: -7.5
  y: 45.0
  z: -7.5
  yaw: -268.6499
  pitch: 50.39998
