lastAccountName: DenwaTokei
timestamps:
  login: 1581426697831
  logout: 1581426755715
ipAddress: 220.219.133.123
lastlocation:
  world: creative_world
  x: 369.8569061286639
  y: 4.0
  z: 24.30000001192093
  yaw: -81.721436
  pitch: -5.9998803
logoutlocation:
  world: world
  x: 103.29660663253983
  y: 63.0
  z: -668.5944443954432
  yaw: -2.6610565
  pitch: 15.299954
