lastAccountName: DenwaTokei
timestamps:
  login: 1581221226695
  logout: 1581231626822
ipAddress: 106.72.132.97
lastlocation:
  world: creative_world
  x: 369.8569061286639
  y: 4.0
  z: 24.30000001192093
  yaw: -81.721436
  pitch: -5.9998803
logoutlocation:
  world: world
  x: 111.3601829696249
  y: 63.0
  z: -657.618145567568
  yaw: 321.78833
  pitch: 40.800007
