lastAccountName: CrazyFlamy
timestamps:
  login: 1578895927392
  logout: 1578899121534
  lastteleport: 1578898826700
ipAddress: 172.16.100.9
logoutlocation:
  world: world
  x: -181.69999998807907
  y: 64.0
  z: -192.69999998807907
  yaw: 295.64767
  pitch: 13.050037
money: '1431.75049999999999314'
homes:
  home:
    world: world
    x: 28.585682577068734
    y: 70.0
    z: -290.9452102498821
    yaw: 12.746704
    pitch: 31.650227
lastlocation:
  world: world_nether
  x: 54.69999998807907
  y: 33.0
  z: -89.69999998807907
  yaw: -85.792206
  pitch: 30.599821
