lastAccountName: Diamond_0607
timestamps:
  login: 1578890108064
  logout: 1578899200385
ipAddress: 172.16.100.5
money: '5088.0220897960664566'
logoutlocation:
  world: world
  x: -192.39992489311456
  y: 13.0
  z: -442.4722635188107
  yaw: -179.99718
  pitch: 0.32778126
