lastAccountName: KENSUU
timestamps:
  login: 1581409433651
  lastteleport: 1581409750885
  logout: 1581409819864
ipAddress: 118.241.226.117
lastlocation:
  world: world
  x: 94.50227636111187
  y: 61.0
  z: -730.3000000119209
  yaw: 150.05396
  pitch: 90.0
logoutlocation:
  world: creative_world
  x: 379.2216295056678
  y: 24.157601224522555
  z: 49.14055943368025
  yaw: -212.08582
  pitch: 35.581482
