lastAccountName: KENSUU
timestamps:
  login: 1581222811199
  lastteleport: 1581223107848
  logout: 1581231626735
ipAddress: 106.72.132.97
lastlocation:
  world: creative_world
  x: 356.1540060916637
  y: 12.74313548392375
  z: -25.78802211549707
  yaw: 112.46356
  pitch: 39.682476
logoutlocation:
  world: world
  x: -12.300000011920929
  y: 61.0
  z: -741.6999999880791
  yaw: 110.661865
  pitch: 53.563183
