lastAccountName: TAISEI_O
timestamps:
  login: 1578898802387
  logout: 1578898782238
ipAddress: 172.16.100.16
money: '165.5350000000000002'
logoutlocation:
  world: world_nether
  x: -4.718149190191108
  y: 24.0
  z: -3.609128891192584
  yaw: -53.250027
  pitch: 60.150013
