lastAccountName: sutyibu
timestamps:
  login: 1581230769268
  logout: 1581231697722
  lastteleport: 1581229491900
ipAddress: 106.72.132.97
logoutlocation:
  world: world
  x: -137.02981491543312
  y: 61.0
  z: -249.8996379914788
  yaw: 190.94868
  pitch: 4.649938
lastlocation:
  world: world
  x: 90.40347149253721
  y: 63.0
  z: -746.9250000119209
  yaw: 5.4273987
  pitch: 7.344907
