lastAccountName: umi0925
timestamps:
  login: 1581403526234
  logout: 1581403566167
  lastteleport: 1581254757028
ipAddress: 126.150.249.73
logoutlocation:
  world: world
  x: 46.70802546322162
  y: 63.0
  z: -735.6898311062624
  yaw: 358.2574
  pitch: 11.898728
homes:
  home:
    world: world
    x: 61.5
    y: 63.0
    z: -525.5
    yaw: -23.509888
    pitch: 13.341593
lastlocation:
  world: creative_world
  x: 361.9739071961206
  y: 4.0
  z: 58.93707649774851
  yaw: 281.59827
  pitch: -5.3189983
money: '2280.1574999999999462'
