lastAccountName: umi0925
timestamps:
  login: 1581254291429
  logout: 1581132113881
  lastteleport: 1581254757028
ipAddress: 126.150.249.73
logoutlocation:
  world: world
  x: 70.78048970692716
  y: 63.0
  z: -540.2021800250038
  yaw: 29.131878
  pitch: 27.034426
homes:
  home:
    world: world
    x: 61.5
    y: 63.0
    z: -525.5
    yaw: -23.509888
    pitch: 13.341593
lastlocation:
  world: world
  x: 69.81043817651492
  y: 63.0
  z: -533.7660954058266
  yaw: -269.10007
  pitch: 14.550034
money: '2280.1574999999999462'
