lastAccountName: umi0925
timestamps:
  login: 1581307008512
  logout: 1581307027117
  lastteleport: 1581254757028
ipAddress: 126.150.249.73
logoutlocation:
  world: world
  x: -28.508184773855493
  y: 63.0
  z: -643.0210887536113
  yaw: 26.81192
  pitch: 9.995012
homes:
  home:
    world: world
    x: 61.5
    y: 63.0
    z: -525.5
    yaw: -23.509888
    pitch: 13.341593
lastlocation:
  world: world
  x: 51.85909496616429
  y: 63.0
  z: -650.3859478238406
  yaw: 287.63132
  pitch: 5.849794
money: '2280.1574999999999462'
