lastAccountName: yokmama
timestamps:
  login: 1578895633530
  logout: 1578898843368
ipAddress: 172.16.100.22
logoutlocation:
  world: world_nether
  x: -6.211884843073893
  y: 24.0
  z: -7.166638270435561
  yaw: 34.349987
  pitch: 40.949986
money: '7.875'
