lastAccountName: UsaPyon2010
timestamps:
  login: 1578897425320
  logout: 1578899017236
ipAddress: 172.16.100.2
money: '1545.70091165351873387'
logoutlocation:
  world: world
  x: -176.63558613149343
  y: 56.0
  z: -262.810424275788
  yaw: -322.65332
  pitch: 90.0
