lastAccountName: Yoshiaki2010
timestamps:
  login: 1580733262728
  logout: 1580733438599
ipAddress: 124.36.146.161
logoutlocation:
  world: world
  x: -160.3985777061385
  y: 62.9375
  z: -247.4820852713524
  yaw: -91.34964
  pitch: 21.600147
money: '279.3949999999999995'
