lastAccountName: fcsmc01
timestamps:
  login: 1578892626899
  logout: 1578891681074
ipAddress: 172.16.100.20
logoutlocation:
  world: world
  x: -166.4259059105891
  y: 64.0
  z: -182.49395112335358
  yaw: -175.65004
  pitch: -7.050001
money: '1.0'
