lastAccountName: Diamond_0607
timestamps:
  login: 1578923891191
  logout: 1578924021591
ipAddress: 124.25.177.126
logoutlocation:
  world: world
  x: -193.33712355572322
  y: 13.0
  z: -439.7908478943944
  yaw: 181.7655
  pitch: 15.4718685
