lastAccountName: 8x9guest02
timestamps:
  login: 1578898800212
  logout: 1578899102839
ipAddress: 172.16.100.8
money: '190.935'
logoutlocation:
  world: world_nether
  x: -54.68257511745338
  y: 31.217017408020016
  z: 30.540639522048913
  yaw: -56.550053
  pitch: 89.85
