lastAccountName: denkumo
timestamps:
  login: 1579943563193
  lastteleport: 1579944185572
  logout: 1579946620804
ipAddress: 126.36.218.198
lastlocation:
  world: world
  x: -226.30000001192093
  y: 64.55321338701523
  z: -218.52427900561707
  yaw: -244.49771
  pitch: 12.299984
logoutlocation:
  world: world_the_end
  x: 0.025446961182068906
  y: 76.0
  z: 0.35835452104205245
  yaw: 8.999664
  pitch: 50.549923
money: '100'
