lastAccountName: TAISEI_O
timestamps:
  login: 1581222302215
  logout: 1581231705025
  lastteleport: 1581230552185
ipAddress: 106.72.132.97
logoutlocation:
  world: world
  x: -167.96743078215792
  y: 64.0
  z: -196.43874484850193
  yaw: 147.29985
  pitch: 22.649996
money: '69.1500000000000004'
lastlocation:
  world: world
  x: -147.44740128721114
  y: 76.0
  z: -304.2666184962991
  yaw: 84.89398
  pitch: 32.100143
