lastAccountName: TAISEI_O
timestamps:
  login: 1581403463872
  logout: 1581403488978
  lastteleport: 1581230552185
ipAddress: 133.106.69.193
logoutlocation:
  world: world
  x: -2.611105859445741
  y: 63.0
  z: -755.9531348724895
  yaw: -66.39166
  pitch: 57.396458
money: '69.1500000000000004'
lastlocation:
  world: world
  x: -177.35024099968803
  y: 59.0
  z: -220.4271551780155
  yaw: -264.59976
  pitch: 11.549871
