lastAccountName: CrazyFlamy
timestamps:
  login: 1578951620283
  lastteleport: 1578951865393
  logout: 1578951886294
ipAddress: 27.94.127.117
lastlocation:
  world: world
  x: -53.30000001192092
  y: 46.0
  z: -379.9779791691085
  yaw: 40.2023
  pitch: 46.799637
logoutlocation:
  world: world
  x: -177.73059374581678
  y: 64.0
  z: -191.50746351571254
  yaw: 119.40156
  pitch: 11.249966
