lastAccountName: fcsmc07
timestamps:
  login: 1580610440790
  logout: 1580610655900
ipAddress: 124.219.132.83
logoutlocation:
  world: world
  x: -131.56981878090755
  y: 62.9375
  z: -219.40372784141627
  yaw: -191.99792
  pitch: 16.949993
