lastAccountName: sou_pon
timestamps:
  login: 1581421081279
  lastteleport: 1581410457529
  logout: 1581421092102
ipAddress: 220.247.21.24
lastlocation:
  world: world
  x: 46.02209003632868
  y: 63.0
  z: -668.6552571072248
  yaw: -268.20267
  pitch: 14.700186
logoutlocation:
  world: world
  x: -9.62165388617328
  y: 63.0
  z: -688.1402853384743
  yaw: -281.4457
  pitch: 8.250138
money: '1529.332999999999999'
