lastAccountName: Kinoko1030
timestamps:
  login: 1581380381419
  logout: 1581382745672
  lastteleport: 1581223186937
ipAddress: 60.148.126.145
logoutlocation:
  world: world
  x: -185.26621241877177
  y: 12.0
  z: -173.7858748166043
  yaw: -171.29996
  pitch: 22.349995
lastlocation:
  world: world
  x: -186.30000001192093
  y: 11.873500807121848
  z: -174.69999998807907
  yaw: -113.550835
  pitch: 29.099995
afk: false
