lastAccountName: Kinoko1030
timestamps:
  login: 1581228876090
  logout: 1581231840177
  lastteleport: 1581223186937
ipAddress: 106.72.132.97
logoutlocation:
  world: world
  x: -187.69999998807907
  y: 63.0
  z: -179.51249998807907
  yaw: 164.40022
  pitch: 12.30002
lastlocation:
  world: creative_world
  x: 344.86022146536453
  y: 5.0
  z: -6.239192678991123
  yaw: -91.511475
  pitch: 15.000194
