lastAccountName: sutyibu
timestamps:
  login: 1578891299992
  logout: 1578891936178
ipAddress: 172.16.100.10
logoutlocation:
  world: world
  x: -152.09271315498341
  y: 63.0
  z: -266.9773739467787
  yaw: -19.947266
  pitch: 68.8498
