lastAccountName: utti_dayo
timestamps:
  login: 1581415976501
  lastteleport: 1581418206428
  logout: 1581419073851
ipAddress: 157.147.21.74
lastlocation:
  world: world
  x: -65.52681879651351
  y: 64.9433887594788
  z: -761.6216287943962
  yaw: -38.779297
  pitch: 39.198578
logoutlocation:
  world: world
  x: 40.8611738632265
  y: 66.0
  z: -814.2550032950728
  yaw: -302.87085
  pitch: 18.003235
money: '35096.94300000000004741'
homes:
  home:
    world: world
    x: 12.485414499990643
    y: 63.0
    z: -745.3000000119209
    yaw: -36.21631
    pitch: 49.852303
afk: false
