lastAccountName: yutoguma
timestamps:
  login: 1578896897747
  logout: 1578899326334
  lastteleport: 1578897194732
ipAddress: 172.16.100.12
money: '1130.17299999999998932'
logoutlocation:
  world: world_nether
  x: -15.199567721192606
  y: 33.0
  z: -12.589114856704516
  yaw: -150.29999
  pitch: -21.450005
lastlocation:
  world: world
  x: -132.55694601848376
  y: 11.0
  z: -380.68481218469765
  yaw: 0.8994419
  pitch: 1.500029
